0.000000 -0.000740 0.000000 -0.007226 0.000000 0.011069
0.000000 -0.001208 0.000000 0.043952 0.000000 0.007840
0.000000 0.000000 0.000000 0.000000 0.000000 0.036094
0.000000 0.000000 0.000000 -0.039785 0.000000 0.016072
0.000000 0.000000 0.000000 0.000000 0.000000 0.024345
0.000000 -0.001072 0.000000 0.040228 0.000000 0.006702
0.000000 0.000000 0.000000 0.000000 0.000000 0.033207
0.000000 0.000000 0.000000 0.000000 0.000000 0.000000
0.000000 0.000000 0.000000 0.000000 0.000000 0.020771
0.000000 -0.000892 0.000000 0.047801 0.000000 0.010847
0.000000 -0.000892 0.000000 0.050096 0.000000 0.010047
0.000000 0.000000 0.000000 0.000000 0.000000 0.017139
0.000000 0.000000 0.000000 0.000000 0.000000 0.024591
0.000000 0.000000 0.000000 0.000000 0.000000 0.032794
0.000000 0.000000 0.000000 0.000000 0.000000 0.000000
0.000000 0.000000 0.000000 0.000000 0.000000 0.037172
0.000000 0.000000 0.000000 0.000000 0.000000 0.011778
0.000000 0.000000 0.000000 0.000000 0.000000 0.014454
0.000000 0.000000 0.000000 0.000000 0.000000 0.000000
0.000000 0.000000 0.000000 0.000000 0.000000 0.016625
0.000000 0.000000 0.000000 0.000000 0.000000 0.000000
0.000000 0.000000 0.000000 0.000000 0.000000 0.000000
0.000000 -0.001368 0.000000 0.037245 0.000000 0.000000
0.000000 -0.001017 0.000000 0.011736 0.000000 0.000000
0.000000 0.000000 0.000000 0.000000 0.000000 0.000000
0.000000 0.000000 0.000000 0.000000 0.000000 0.036821
0.000000 0.000000 0.000000 0.000000 0.000000 0.035441
0.000000 0.000000 0.000000 0.000000 0.000000 0.034035
0.000000 0.000000 0.000000 0.000000 0.000000 0.036862
0.000000 0.000000 0.000000 0.000000 0.000000 0.000000
0.000000 0.000000 0.000000 0.000000 0.000000 0.015301
0.000000 0.000000 0.000000 0.000000 0.000000 0.035583
0.000000 0.000000 0.000000 0.000000 0.000000 0.000000
0.000000 0.000000 0.000000 0.000000 0.000000 0.024311
0.000000 0.000000 0.000000 0.000000 0.000000 0.023219
0.000000 0.000000 0.000000 0.000000 0.000000 0.031653
0.000000 0.000000 0.000000 0.000000 0.000000 0.034775
0.000000 0.000000 0.000000 0.000000 0.000000 0.000000
0.000000 0.000000 0.000000 0.000000 0.000000 0.000000
0.000000 0.000000 0.000000 0.000000 0.000000 0.011956
0.000000 0.000000 0.000000 0.000000 0.000000 0.000000
0.000000 0.000000 0.000000 0.000000 0.000000 0.024252
0.000000 0.000000 0.000000 0.039467 0.000000 0.020205
0.000000 -0.000804 0.000000 0.076929 0.000000 -0.005910
0.000000 -0.000494 0.000000 0.071523 0.000000 0.023996
0.000000 0.000127 0.000000 0.059433 0.000000 0.013731
0.000000 -0.000360 0.000000 0.050911 0.000000 0.005161
0.000000 0.000000 0.000000 0.050106 0.000000 0.000000
0.000000 0.000000 0.000000 0.045174 0.000000 0.000000
0.000000 -0.000136 0.000000 0.044095 0.000000 0.018304
0.000000 0.000000 0.000000 0.000000 0.000000 0.000000
0.000000 0.000000 0.000000 0.033560 0.000000 0.000000
0.000000 0.000000 0.000000 0.000000 0.000000 0.000000
0.000000 0.000000 0.000000 0.000000 0.000000 0.000000
0.000000 0.000000 0.000000 0.042252 0.000000 0.000000
0.000000 0.000000 0.000000 0.046557 0.000000 0.000000
0.000000 0.000264 0.000000 0.044802 0.000000 0.021190
0.000000 -0.000456 0.000000 0.059265 0.000000 0.023563
0.000000 -0.000217 0.000000 0.050025 0.000000 0.023213
0.000000 0.000258 0.000000 0.044193 0.000000 0.043613
0.000000 -0.000505 0.000000 0.066864 0.000000 0.017285
0.000000 0.000751 0.000000 0.037141 0.000000 0.049733
0.000000 0.000271 0.000000 0.046844 0.000000 0.046005
0.000000 -0.000481 0.000000 0.060461 0.000000 0.027215
0.000000 -0.000504 0.000000 0.061427 0.000000 0.027870
0.000000 0.000212 0.000000 0.039466 0.000000 0.044948
0.000000 -0.000411 0.000000 0.053763 0.000000 0.024842
0.000000 -0.000418 0.000000 0.057491 0.000000 0.018204
0.000000 -0.000161 0.000000 0.039573 0.000000 0.035625
0.000000 -0.000104 0.000000 0.036984 0.000000 0.036358
0.000000 -0.000039 0.000000 0.026609 0.000000 0.030889
0.000000 -0.000401 0.000000 0.052808 0.000000 0.024324
0.000000 0.000079 0.000000 0.034221 0.000000 0.029384
0.000000 0.000000 0.000000 0.000000 0.000000 0.000000
0.000000 0.000000 0.000000 0.000000 0.000000 0.025673
0.000000 0.000000 0.000000 0.000000 0.000000 0.000000
0.000000 0.000000 0.000000 0.000000 0.000000 0.020623
0.000000 0.000000 0.000000 0.000000 0.000000 0.035346
0.000000 0.000000 0.000000 0.000000 0.000000 0.010468
0.000000 0.000000 0.000000 0.000000 0.000000 0.000000
